1 动感地带5G智享套餐（校园版） 128 50 30 500 300 
2 全家享套餐 109 40 25 300 300
3 全球通畅享套餐 128 10 10 100 200 
4 全球通畅享套餐 188 20 10 200 200 
5 全球通畅享套餐 238 20 20 300 200 
6 全球通无限尊享计划套餐 288 20 20 400 500 
7 全球通无限尊享计划套餐 388 30 30 600 500 
8 全球通无限尊享计划套餐 588 50 50 1000 1000 
9 5G套餐全家享版 139 0 30 200 300 
10 5G套餐全家享版 139 0 30 200 300 
11 5G套餐全家享版 169 0 40 300 300 
12 5G套餐全家享版 199 0 60 1000 500 
13 5G套餐全家享版 239 0 80 1000 500 
14 5G套餐全家享版 299 0 100 1500 1000 
15 5G套餐全家享版 399 0 150 2000 1000 
16 5G套餐全家享版 599 0 300 3000 1000 